2.346894155722036718e-02 3.107649002092153223e-01 -3.028880167808792323e-01 1.520507720043400494e-10 -2.069539138245067018e-09 1.982320122190697227e-09 1.045019041048904501e-01
-5.422063111478696990e-02 1.191632476206109931e-01 -1.356511908486917883e-01 1.173963497729125747e-08 1.153192026775512631e-08 5.102871402627001352e-09 2.074150386349862124e-02
2.797057993022094569e-01 8.082174029949075467e-02 -4.265262553322775596e-01 -1.116619530406548303e-09 2.216598675646641380e-10 1.514770483794926186e-09 6.525006105120347011e-02
-2.333621159651788068e-01 -3.266363991099415220e-01 1.030015247377868981e-01 8.426464543325744416e-10 6.425359101459504513e-10 1.673488956174381223e-10 8.784081801688391200e-02
3.873608452726919338e-01 2.781721635387242042e-01 1.451037958958619201e-01 -1.186498295369496349e-09 -8.753588511791360473e-10 -9.003520294293480965e-10 5.387890666073064105e-02
1.865981456849438724e-01 -3.994171351838744499e-01 1.109913644385265297e-01 -6.918521190635456004e-10 9.013646398709826424e-10 -2.035658531791504716e-10 1.606995651853902474e-01
-3.605923709839064517e-01 -1.229095284582581715e-01 -2.993642610220164646e-01 1.007227408939434189e-09 3.117727227276742559e-10 7.440514754695599157e-10 9.021415889788314546e-02
-2.680846648820231493e-01 -3.044613415879061091e-01 4.839567469039746106e-01 4.491767837358253940e-10 1.873519912320742291e-10 -9.827792519326541073e-10 1.477767533786149556e-01
1.654645907141040484e-01 8.176291157578803592e-02 -5.514456074509126865e-02 -2.230971779875734589e-09 7.838785980308396360e-10 -9.061029902449597008e-10 1.399629922188713460e-01
-9.539803256775220355e-03 1.722045561887457499e-01 -1.128881194565229118e-01 5.387489570273162047e-10 -2.764854547523178700e-09 -1.087129213937334991e-09 1.291333366220330514e-01
