5.266551310281530895e-03 -4.423030160059312488e-01 -3.718395773126885739e-01 0.000000000000000000e+00 0.000000000000000000e+00 0.000000000000000000e+00 1.079580827626033281e-02
2.595697247861764589e-01 -1.157362871354804534e-01 -4.698844292805937073e-02 0.000000000000000000e+00 0.000000000000000000e+00 0.000000000000000000e+00 6.894636864616144299e-03
4.859701994068379438e-01 8.512626054188809910e-02 -7.111389870577233818e-02 0.000000000000000000e+00 0.000000000000000000e+00 0.000000000000000000e+00 1.320990859824839811e-02
2.034011635528563122e-01 2.977400020106524270e-01 3.253839111816612117e-01 0.000000000000000000e+00 0.000000000000000000e+00 0.000000000000000000e+00 7.234960319901671474e-03
3.925535875093255633e-02 4.237559076520539536e-01 2.811808313706115614e-01 0.000000000000000000e+00 0.000000000000000000e+00 0.000000000000000000e+00 8.146287568438787680e-03
-4.209599140880566637e-01 9.393838054271619331e-02 -1.674246182738112765e-01 0.000000000000000000e+00 0.000000000000000000e+00 0.000000000000000000e+00 8.330830460218959302e-03
-2.603484345548103818e-01 -4.745096878397055962e-01 1.325334261185669993e-01 0.000000000000000000e+00 0.000000000000000000e+00 0.000000000000000000e+00 1.316631045016761724e-02
-2.205757796141553095e-01 -3.125053137944110437e-01 -3.127736459899730370e-01 0.000000000000000000e+00 0.000000000000000000e+00 0.000000000000000000e+00 1.172973387936617796e-02
-3.388818979451713176e-02 5.000323222303859616e-02 -1.461468626353473743e-01 0.000000000000000000e+00 0.000000000000000000e+00 0.000000000000000000e+00 1.573979876078612089e-02
3.385763411525996025e-01 4.531015130847138028e-02 4.425859049239397880e-01 0.000000000000000000e+00 0.000000000000000000e+00 0.000000000000000000e+00 1.389780907866347602e-03
4.357314740314355284e-02 -4.046806911858581435e-01 -3.958532851624150251e-01 0.000000000000000000e+00 0.000000000000000000e+00 0.000000000000000000e+00 1.116309333265652799e-02
6.609225921278227833e-02 -2.641206557653802411e-01 -2.379947300731840576e-01 0.000000000000000000e+00 0.000000000000000000e+00 0.000000000000000000e+00 1.803753181973380068e-02
3.744603790396022758e-01 -2.177815824079751827e-01 3.251021227007261372e-01 0.000000000000000000e+00 0.000000000000000000e+00 0.000000000000000000e+00 1.609731925118329868e-02
-4.348232822916978657e-01 -1.356020238109834075e-01 -3.891610811838097650e-01 0.000000000000000000e+00 0.000000000000000000e+00 0.000000000000000000e+00 9.794727171319291686e-03
-4.470442667264645786e-01 2.067100124181804333e-01 3.096667579423882932e-01 0.000000000000000000e+00 0.000000000000000000e+00 0.000000000000000000e+00 1.538744065721203008e-02
-1.165710710712504206e-01 3.827457456236784683e-01 -9.120447618910576537e-02 0.000000000000000000e+00 0.000000000000000000e+00 0.000000000000000000e+00 1.150861992419935712e-02
-3.792495469361245597e-02 -4.690388911861891330e-01 -3.567032228947442096e-02 0.000000000000000000e+00 0.000000000000000000e+00 0.000000000000000000e+00 9.960749452510768518e-04
-5.786414308186382804e-03 -2.108661127732114338e-02 1.760590226087193066e-01 0.000000000000000000e+00 0.000000000000000000e+00 0.000000000000000000e+00 1.618773612930479028e-02
-4.938160342983015649e-01 -2.209120788146631265e-01 1.866589159085144667e-01 0.000000000000000000e+00 0.000000000000000000e+00 0.000000000000000000e+00 8.843279642490854903e-04
-2.179952068492018169e-01 1.437720129596140595e-01 -4.876774202134742664e-01 0.000000000000000000e+00 0.000000000000000000e+00 0.000000000000000000e+00 9.732535976869051420e-03
-1.134364629636618327e-01 -2.480489048294352017e-01 -6.396363961384288199e-02 0.000000000000000000e+00 0.000000000000000000e+00 0.000000000000000000e+00 1.680235012650175067e-02
-2.288559095090139106e-01 -3.177085690082954716e-01 -2.183070064629011320e-02 0.000000000000000000e+00 0.000000000000000000e+00 0.000000000000000000e+00 5.192820078607520567e-03
1.131762265530517064e-01 3.821843311831618628e-02 1.960989826597947516e-01 0.000000000000000000e+00 0.000000000000000000e+00 0.000000000000000000e+00 1.359074259312153220e-02
3.283291463292885570e-01 -3.138037689086149440e-01 -3.966831015317615616e-01 0.000000000000000000e+00 0.000000000000000000e+00 0.000000000000000000e+00 3.175171413627244071e-03
-4.168781877447079731e-01 4.739466541212747908e-01 -2.525813936989886876e-01 0.000000000000000000e+00 0.000000000000000000e+00 0.000000000000000000e+00 2.397525042227205416e-03
2.901327657357716250e-01 3.954234249700970816e-01 1.077128417098847102e-01 0.000000000000000000e+00 0.000000000000000000e+00 0.000000000000000000e+00 1.699921635694960718e-03
3.182948930271878307e-01 -1.759474428088970699e-01 8.245198028308109439e-02 0.000000000000000000e+00 0.000000000000000000e+00 0.000000000000000000e+00 7.033467390915182013e-03
-1.802795978739683003e-01 3.298809059864777904e-01 2.758589040148303750e-01 0.000000000000000000e+00 0.000000000000000000e+00 0.000000000000000000e+00 1.398337192396654875e-02
3.378020460226887067e-01 2.142831045966094861e-01 2.023504723862876720e-01 0.000000000000000000e+00 0.000000000000000000e+00 0.000000000000000000e+00 1.707157744515986481e-02
-1.793344936719973859e-01 3.167101483840102372e-01 3.816586586660695168e-01 0.000000000000000000e+00 0.000000000000000000e+00 0.000000000000000000e+00 1.236598549256306447e-02
-2.306262459846837309e-01 -3.178538667451856758e-01 -4.788221437237774047e-01 0.000000000000000000e+00 0.000000000000000000e+00 0.000000000000000000e+00 1.270016920152735804e-02
1.417654418608841338e-01 -3.075566330165750983e-01 1.854644297374405948e-01 0.000000000000000000e+00 0.000000000000000000e+00 0.000000000000000000e+00 6.027576857065670805e-03
1.559012256924185991e-02 -1.794949070952245318e-02 4.479590808356083143e-01 0.000000000000000000e+00 0.000000000000000000e+00 0.000000000000000000e+00 1.431289887241925761e-02
-2.263845186160419187e-01 2.045691645279248405e-01 -5.064430994045410195e-03 0.000000000000000000e+00 0.000000000000000000e+00 0.000000000000000000e+00 1.118661847472501858e-02
-1.146258447788678358e-01 -1.333855000687822479e-01 -6.955782292995760230e-03 0.000000000000000000e+00 0.000000000000000000e+00 0.000000000000000000e+00 9.704749615585175210e-04
-1.844325754462378120e-01 -2.168104175786659260e-01 4.127617997255336180e-01 0.000000000000000000e+00 0.000000000000000000e+00 0.000000000000000000e+00 4.202637950673293946e-03
3.365195281635946500e-01 -1.994101074302521148e-01 3.112151760194781236e-01 0.000000000000000000e+00 0.000000000000000000e+00 0.000000000000000000e+00 1.527418755011105723e-02
4.117661206643834504e-01 4.773073344378472305e-01 4.417327428694290958e-01 0.000000000000000000e+00 0.000000000000000000e+00 0.000000000000000000e+00 8.000068399347625217e-03
1.655793448930771294e-01 4.365333182629955733e-01 -2.971730868332955744e-01 0.000000000000000000e+00 0.000000000000000000e+00 0.000000000000000000e+00 1.575094013488516007e-02
3.283163238919396543e-01 -2.756822879240796720e-01 -1.960539838672681334e-01 0.000000000000000000e+00 0.000000000000000000e+00 0.000000000000000000e+00 1.112240297235314070e-02
3.968277269688564868e-01 7.028565519689344843e-02 6.044493286143537425e-02 0.000000000000000000e+00 0.000000000000000000e+00 0.000000000000000000e+00 1.678571802630512283e-02
2.055931977318914416e-01 4.064037670528776180e-01 2.870717379019779303e-01 0.000000000000000000e+00 0.000000000000000000e+00 0.000000000000000000e+00 1.597681390400555301e-04
-2.894615740462147535e-02 -2.146737831453555678e-01 4.860627196410536310e-01 0.000000000000000000e+00 0.000000000000000000e+00 0.000000000000000000e+00 5.595051531109144702e-03
-1.171448481068085856e-01 -6.456886801144534616e-03 -2.423100999937428668e-01 0.000000000000000000e+00 0.000000000000000000e+00 0.000000000000000000e+00 2.825799166104371943e-03
2.792549917076747601e-01 -1.554593422006185222e-01 -6.682664811996630316e-02 0.000000000000000000e+00 0.000000000000000000e+00 0.000000000000000000e+00 2.621519724097483468e-03
2.964196686715755424e-01 1.636371284173554486e-02 1.013468819460120462e-01 0.000000000000000000e+00 0.000000000000000000e+00 0.000000000000000000e+00 4.035695720623590048e-03
1.433390104887311001e-01 2.134832402819578645e-01 2.684488858855612614e-01 0.000000000000000000e+00 0.000000000000000000e+00 0.000000000000000000e+00 9.138688422522909735e-03
2.694912456582122529e-01 4.970461029641670692e-02 -3.081137559801815362e-01 0.000000000000000000e+00 0.000000000000000000e+00 0.000000000000000000e+00 1.558232573148989226e-02
4.735662447693133048e-01 8.223757197079184511e-02 4.885544903736631639e-01 0.000000000000000000e+00 0.000000000000000000e+00 0.000000000000000000e+00 1.020140706259167578e-02
-3.052757208369530906e-01 -1.717685218801788816e-01 -4.679475245518868176e-01 0.000000000000000000e+00 0.000000000000000000e+00 0.000000000000000000e+00 1.117965950412904731e-02
1.143095537317273536e-02 -4.560173601736835503e-01 2.469395977878900972e-01 0.000000000000000000e+00 0.000000000000000000e+00 0.000000000000000000e+00 1.838845587604717030e-02
3.948477156775804797e-01 -4.896077345985506701e-01 3.662130605965121521e-01 0.000000000000000000e+00 0.000000000000000000e+00 0.000000000000000000e+00 1.789060678292045750e-02
4.104647751115223508e-01 -8.365056964246242455e-02 -2.008868944066447559e-01 0.000000000000000000e+00 0.000000000000000000e+00 0.000000000000000000e+00 4.655807206081996824e-04
4.993311605806926012e-01 1.763575241695558571e-01 4.524588307316406155e-01 0.000000000000000000e+00 0.000000000000000000e+00 0.000000000000000000e+00 1.778037097493071622e-02
-4.424517649443653333e-01 -4.546662085541027798e-01 -3.395994982596950429e-02 0.000000000000000000e+00 0.000000000000000000e+00 0.000000000000000000e+00 9.461562035759973942e-04
1.482233758607854890e-01 -2.772401044314283247e-01 -4.894248289528813078e-01 0.000000000000000000e+00 0.000000000000000000e+00 0.000000000000000000e+00 1.441385386950396787e-02
-4.373745584075275916e-01 3.130938147237820601e-01 -1.289989054967700666e-01 0.000000000000000000e+00 0.000000000000000000e+00 0.000000000000000000e+00 6.931082770129152158e-03
5.320313925070074834e-02 7.530255652826756130e-02 9.620845181190629258e-02 0.000000000000000000e+00 0.000000000000000000e+00 0.000000000000000000e+00 1.123618628869422348e-02
-8.716503159366750797e-02 1.392145956638362048e-01 4.819497058927368904e-03 0.000000000000000000e+00 0.000000000000000000e+00 0.000000000000000000e+00 8.405641341962555649e-03
-4.738907699726313538e-01 3.628764271961845145e-01 2.497551017456036693e-01 0.000000000000000000e+00 0.000000000000000000e+00 0.000000000000000000e+00 1.308593284143354761e-02
2.916573239060884504e-01 -2.332481820664419336e-01 4.122795531556029403e-01 0.000000000000000000e+00 0.000000000000000000e+00 0.000000000000000000e+00 1.849742798758221077e-02
2.875921619607456625e-01 -3.167644394553682519e-01 -3.761484519939327642e-01 0.000000000000000000e+00 0.000000000000000000e+00 0.000000000000000000e+00 7.964674424151685708e-03
3.885321179865852681e-01 1.540617072994884262e-01 3.029305634065537767e-01 0.000000000000000000e+00 0.000000000000000000e+00 0.000000000000000000e+00 1.489432511985329909e-02
2.152405492111431062e-02 -3.122132517863323020e-01 2.259582021582183797e-01 0.000000000000000000e+00 0.000000000000000000e+00 0.000000000000000000e+00 8.140608512846094283e-03
4.229563633789388266e-01 -6.206994868286352940e-02 -4.999595120475186505e-01 0.000000000000000000e+00 0.000000000000000000e+00 0.000000000000000000e+00 1.086829214995770759e-02
-3.126924357713402047e-01 -3.504162853946012346e-01 -1.004143027062084359e-01 0.000000000000000000e+00 0.000000000000000000e+00 0.000000000000000000e+00 1.304067792966904712e-02
-3.573444494683999384e-01 -4.280521853635469443e-01 4.048963119700272895e-01 0.000000000000000000e+00 0.000000000000000000e+00 0.000000000000000000e+00 1.079313206412910175e-02
-3.549466264076400757e-01 -4.823557779123882616e-01 4.032289552496131080e-01 0.000000000000000000e+00 0.000000000000000000e+00 0.000000000000000000e+00 5.705769598556901384e-03
3.682120282474060646e-01 -1.167017093526727667e-01 -1.948284552301675632e-01 0.000000000000000000e+00 0.000000000000000000e+00 0.000000000000000000e+00 1.408749207947404027e-02
2.998596583026403861e-01 9.054872447021578008e-02 3.265594169812667813e-01 0.000000000000000000e+00 0.000000000000000000e+00 0.000000000000000000e+00 1.081289785151305551e-03
4.191290397727632788e-01 3.245240811336584930e-01 -1.362642861118796844e-01 0.000000000000000000e+00 0.000000000000000000e+00 0.000000000000000000e+00 8.954661193608078398e-03
4.415666723473559152e-01 -3.072402617246745571e-01 -1.541129128810302396e-01 0.000000000000000000e+00 0.000000000000000000e+00 0.000000000000000000e+00 1.105741839660682492e-02
-4.067503811630511779e-01 -4.658507035863916901e-01 -9.538889074923062594e-03 0.000000000000000000e+00 0.000000000000000000e+00 0.000000000000000000e+00 1.341250868979447855e-02
4.369207454812428226e-01 4.819132740066484066e-01 -2.945393252661988592e-01 0.000000000000000000e+00 0.000000000000000000e+00 0.000000000000000000e+00 6.800273008011874926e-03
-3.118318814869244227e-01 4.340351781034528234e-01 -3.131598325553801576e-01 0.000000000000000000e+00 0.000000000000000000e+00 0.000000000000000000e+00 1.585168772532679488e-02
2.293937675300812273e-01 -6.652312564137530249e-02 4.340506494097149393e-01 0.000000000000000000e+00 0.000000000000000000e+00 0.000000000000000000e+00 1.713547979147706998e-02
-3.475419629573820446e-01 3.634719030981876653e-01 3.804372014808576896e-01 0.000000000000000000e+00 0.000000000000000000e+00 0.000000000000000000e+00 3.053905675045840828e-03
1.516373322542896585e-02 -4.018286819935060761e-01 3.803358788462978257e-01 0.000000000000000000e+00 0.000000000000000000e+00 0.000000000000000000e+00 1.458110411510052384e-02
2.960698984477800888e-01 -1.070202570304785716e-01 -3.058802583709546719e-01 0.000000000000000000e+00 0.000000000000000000e+00 0.000000000000000000e+00 1.398837627643288208e-02
1.103353202719395965e-01 -3.458909738881729146e-01 2.397578641827520229e-01 0.000000000000000000e+00 0.000000000000000000e+00 0.000000000000000000e+00 8.046590420769373503e-03
-3.991135278121386021e-01 2.960347653926540534e-01 -4.958273806690483010e-01 0.000000000000000000e+00 0.000000000000000000e+00 0.000000000000000000e+00 8.417613630030918934e-03
3.542185546693277232e-02 -3.158813777347768692e-02 -1.374959809405962297e-01 0.000000000000000000e+00 0.000000000000000000e+00 0.000000000000000000e+00 1.514191302852563737e-04
2.997066615992227678e-02 6.636519393981299419e-02 1.155021844206406412e-01 0.000000000000000000e+00 0.000000000000000000e+00 0.000000000000000000e+00 1.407461211420324779e-02
4.862050474063762673e-01 2.053794031845475043e-01 -1.722905659675536549e-01 0.000000000000000000e+00 0.000000000000000000e+00 0.000000000000000000e+00 4.995951519876175306e-03
-6.329242630351372689e-02 1.597462898085811878e-01 -4.459971976872870725e-01 0.000000000000000000e+00 0.000000000000000000e+00 0.000000000000000000e+00 8.887428564729297348e-03
3.671738475977692762e-01 -1.346687873616734255e-01 2.156466726583202709e-01 0.000000000000000000e+00 0.000000000000000000e+00 0.000000000000000000e+00 1.071413287786470228e-02
3.369231190637544948e-02 -3.828419051964384590e-01 -2.725705905971349541e-01 0.000000000000000000e+00 0.000000000000000000e+00 0.000000000000000000e+00 5.817594843776260384e-03
4.140359274719097593e-01 3.622964021455618022e-01 4.376312127141837038e-01 0.000000000000000000e+00 0.000000000000000000e+00 0.000000000000000000e+00 1.435017353483141953e-02
-4.563046931270231532e-02 9.760726184657397830e-02 3.782486228508520343e-01 0.000000000000000000e+00 0.000000000000000000e+00 0.000000000000000000e+00 1.120859296647417486e-02
-9.281803132500765496e-02 4.316211114779613389e-01 -4.229239651064397032e-01 0.000000000000000000e+00 0.000000000000000000e+00 0.000000000000000000e+00 1.778289670673026401e-02
-4.312961431382145161e-02 -1.645949452831984017e-01 1.192923026109805607e-01 0.000000000000000000e+00 0.000000000000000000e+00 0.000000000000000000e+00 1.641240866458217734e-02
1.300682885029353919e-01 2.590811416103577791e-01 -1.450941248973521835e-01 0.000000000000000000e+00 0.000000000000000000e+00 0.000000000000000000e+00 1.482461619450464382e-02
4.069323416470960186e-02 4.519430715621697292e-01 4.893668755093040224e-01 0.000000000000000000e+00 0.000000000000000000e+00 0.000000000000000000e+00 6.929288514266929849e-03
2.732972072598938151e-01 5.854051030558349300e-02 -2.833270374737748565e-01 0.000000000000000000e+00 0.000000000000000000e+00 0.000000000000000000e+00 1.571972629775388042e-02
-3.036624743531857185e-01 -1.929013305976144954e-01 -4.724163787511449497e-01 0.000000000000000000e+00 0.000000000000000000e+00 0.000000000000000000e+00 1.642411028590830963e-02
-2.581585370411673130e-01 2.093069528078161934e-01 -3.134629317756162381e-01 0.000000000000000000e+00 0.000000000000000000e+00 0.000000000000000000e+00 1.534346112435944036e-03
2.339982125160993132e-01 -3.742727269090289077e-01 4.266077674884793947e-02 0.000000000000000000e+00 0.000000000000000000e+00 0.000000000000000000e+00 1.087399640461180969e-02
2.903568883814907631e-01 4.837372017409887759e-01 4.480508833055004692e-01 0.000000000000000000e+00 0.000000000000000000e+00 0.000000000000000000e+00 1.432057433972857901e-03
2.090225955450834006e-01 2.616235385862684115e-01 -3.633031638917537665e-01 0.000000000000000000e+00 0.000000000000000000e+00 0.000000000000000000e+00 6.316131363330893152e-03
7.258472874696808574e-02 -4.964039703077631760e-01 -3.839155364075429455e-01 0.000000000000000000e+00 0.000000000000000000e+00 0.000000000000000000e+00 8.219335423566490398e-03
