2.346894080456907172e-02 3.107649104534346840e-01 -3.028880265933636684e-01 0.000000000000000000e+00 0.000000000000000000e+00 0.000000000000000000e+00 1.045019041048904501e-01
-5.422068922595768559e-02 1.191631905376302480e-01 -1.356512161078947676e-01 0.000000000000000000e+00 0.000000000000000000e+00 0.000000000000000000e+00 2.074150386349862124e-02
2.797058048294760457e-01 8.082173920227442299e-02 -4.265262628303914116e-01 0.000000000000000000e+00 0.000000000000000000e+00 0.000000000000000000e+00 6.525006105120347011e-02
-2.333621201362787723e-01 -3.266364022904942876e-01 1.030015239094098645e-01 0.000000000000000000e+00 0.000000000000000000e+00 0.000000000000000000e+00 8.784081801688391200e-02
3.873608511458583870e-01 2.781721678717504753e-01 1.451038003526043951e-01 0.000000000000000000e+00 0.000000000000000000e+00 0.000000000000000000e+00 5.387890666073064105e-02
1.865981491096119216e-01 -3.994171396456295264e-01 1.109913654461774923e-01 0.000000000000000000e+00 0.000000000000000000e+00 0.000000000000000000e+00 1.606995651853902474e-01
-3.605923759696820774e-01 -1.229095300015331516e-01 -2.993642647050712702e-01 0.000000000000000000e+00 0.000000000000000000e+00 0.000000000000000000e+00 9.021415889788314546e-02
-2.680846671054482044e-01 -3.044613425152984387e-01 4.839567517687318743e-01 0.000000000000000000e+00 0.000000000000000000e+00 0.000000000000000000e+00 1.477767533786149556e-01
1.654646017574139538e-01 8.176290769558913762e-02 -5.514455625988168297e-02 0.000000000000000000e+00 0.000000000000000000e+00 0.000000000000000000e+00 1.399629922188713460e-01
-9.539805923585720215e-03 1.722045698747718401e-01 -1.128881140752348022e-01 0.000000000000000000e+00 0.000000000000000000e+00 0.000000000000000000e+00 1.291333366220330514e-01
