1.443332790714883000e-01 5.484772984075787500e-01 1.192592047622751400e-01 5.584452267310050500e-01 3.782404836877874000e-01 1.421051316291344100e-02
9.299214421165312700e-01 2.724178375671838500e-01 4.163855655972563700e-01 8.547527568040981200e-01 1.371568549532128400e-01 5.566408963707969400e-03
5.205387251565101200e-01 7.165038936104863900e-01 7.300949749094306500e-01 4.965603204746245100e-01 8.643630509762706400e-01 4.055706018973249700e-01
8.056870302574592500e-01 9.637608591339097400e-01 8.780749675672139300e-02 5.859820182594005500e-01 2.169003846143239300e-01 9.002602446608887200e-01
6.327511771434151100e-01 6.560668128820867900e-02 1.061545815455980900e-01 1.653942631208824600e-01 6.931634570989426700e-01 1.564117253424646100e-01
4.128996077244739800e-01 6.888339088315412800e-01 7.436797485181108100e-01 8.552355540384301000e-01 7.389245664855761400e-01 5.404241758617384100e-01
6.190723531871901200e-01 8.148093611378338700e-01 7.010419258276063800e-01 4.750563238612018900e-01 8.528265529305282300e-01 1.595883196262026800e-01
2.782375489710582400e-01 5.541424371062726500e-01 9.926496964392004200e-01 2.627826821346205300e-01 8.292661697327856600e-01 8.683876537441515000e-01
2.020963252104842600e-01 5.402643448120463300e-01 1.078389350437478600e-01 8.743872678477050400e-01 6.247392021862096000e-01 7.091913326351826400e-01
1.328394693945191800e-01 9.168783010015166800e-01 7.905485063361057400e-01 5.660302507716197300e-02 7.435349396576567100e-01 7.551119721469908800e-01
