7.590995379241415320e-01 9.874772059932030999e-01 5.580532722114053268e-01 6.871820771214842694e-03 9.942685662043813100e-01 2.885907644335266031e-01
5.307001675178519839e-01 8.248789830681637625e-01 5.365103488988527403e-01 6.143006250870320928e-01 1.521705918181823769e-01 2.193326631459294740e-01
4.522806330329494084e-01 9.180695232181035337e-02 4.037514743737034006e-01 5.348305381585806151e-01 7.691068952774841039e-01 8.943214269583553699e-01
2.395019387909312902e-01 4.856716501190732060e-01 3.867876486718803131e-01 3.967643560122449120e-01 2.952732397078299265e-01 8.400794613928974641e-02
7.835702729948710310e-01 1.401520469260197910e-01 7.608716784426623470e-01 4.819583311271268267e-01 2.436347489829183699e-01 4.008406178957178989e-01
4.506306423694130814e-01 7.881833899350636496e-01 5.137327629174248678e-02 9.064817560562059562e-01 6.762064254457177404e-01 2.841830806102182416e-01
2.035635565678703962e-01 6.577552260314898369e-01 6.528904386586072972e-01 3.200669251345366062e-01 4.416478349985448748e-01 9.843814947902058687e-01
1.890678654420019367e-01 2.308613302335501549e-01 8.213139657709332964e-01 2.841576608892728562e-01 3.141545653696178331e-01 7.907713900749373526e-01
8.358719497762754358e-01 1.633577045792100613e-01 2.873680035312352610e-01 5.495767851868454956e-01 8.005940205923481878e-01 6.430326222795001989e-01
2.762202011710558347e-01 5.726594215683451505e-01 2.941839186644493731e-01 1.776155316646034210e-01 2.713691192857506929e-01 6.714028512166705376e-01
