1.453153407841246691e+00 1.014086023866651374e+02 2.970572047648293790e+01 6.871820426368590445e-03 9.942685661087280469e-01 2.885907643859254579e-01
6.257506327333235419e+01 1.619410875073323197e+01 2.268910932312304851e+01 6.143006247421857191e-01 1.521705917225286142e-01 2.193326630983280789e-01
5.447016495907386968e+01 7.777160336937656382e+01 9.073021559365223254e+01 5.348305378137342414e-01 7.691068951818308408e-01 8.943214269107516712e-01
4.031270186805216582e+01 3.030826885463844533e+01 8.871590205225485803e+00 3.967643556673983163e-01 2.952732396121768854e-01 8.400794609168825422e-02
4.946136168885900730e+01 2.474726168822937211e+01 4.124577408239552767e+01 4.819583307822802309e-01 2.436347488872646072e-01 4.008406178481167537e-01
9.200528797607086062e+01 6.908503235398113418e+01 2.875386441440915419e+01 9.064817557113595825e-01 6.762064253500644773e-01 2.841830805626170964e-01
3.253032296718042460e+01 4.526418655491272602e+01 1.000754214089539857e+02 3.200669247896900105e-01 4.416478349028918338e-01 9.843814947426021700e-01
2.888899158728289862e+01 3.196047242659351184e+01 8.068922435982432262e+01 2.841576605444262604e-01 3.141545652739647920e-01 7.907713900273336538e-01
5.634312722567194953e+01 8.102335377843533593e+01 6.523366285024603428e+01 5.495767848419991219e-01 8.005940204966949247e-01 6.430326222318965002e-01
1.821538887132039619e+01 2.798094046345771346e+01 6.810587188803324921e+01 1.776155313197576302e-01 2.713691191900976518e-01 6.714028511690668388e-01
