8.285049011444374200e-01 1.102958969344000900e+01 3.472819985442063400e+00 6.871815561612084000e-03 9.942685600833134400e-01 2.885907629535342500e-01
6.735136473589387900e+00 2.361801937161104100e+00 2.751770237518166100e+00 6.143006236541914700e-01 1.521705872552996700e-01 2.193326613509148100e-01
5.854069071540355800e+00 7.859786627540605000e+00 9.436397894486765000e+00 5.348305387675499300e-01 7.691069017316416500e-01 8.943214284943691300e-01
4.246821961884669400e+00 3.467931391977031800e+00 1.235267901923709200e+00 3.967643613789244000e-01 2.952732437880017400e-01 8.400794559909410800e-02
5.651349395875459300e+00 2.600863029461781400e+00 4.809361897539565300e+00 4.819583269107756700e-01 2.436347524747392300e-01 4.008406136506496000e-01
9.606096375530912100e+00 7.617868266879069600e+00 2.921622425682843800e+00 9.064817554667589100e-01 6.762064215128263900e-01 2.841830875176490900e-01
3.436239525113886600e+00 5.118398342761430800e+00 1.059514350995814200e+01 3.200669299751631700e-01 4.416478317131796200e-01 9.843814896761777800e-01
3.059060259341998200e+00 3.403822459137753100e+00 8.808104978390861800e+00 2.841576645987513600e-01 3.141545690306102300e-01 7.907713847539686900e-01
6.386597452770732100e+00 8.249357329712481100e+00 6.781997504414825100e+00 5.495767798157311600e-01 8.005940239552026300e-01 6.430326253894285100e-01
2.070137082680913600e+00 3.313487510300722900e+00 7.075352751356569500e+00 1.776155339582041500e-01 2.713691161379664400e-01 6.714028581585821400e-01
