8.278177539209083946e-01 1.093016284540166438e+01 3.443960922068625585e+00 6.871822956190523982e-03 9.942685618200302056e-01 2.885907658105341667e-01
6.673706409347656354e+00 2.346584907205572446e+00 2.729836991373768118e+00 6.143006231599886791e-01 1.521705936508120638e-01 2.193326656398261187e-01
5.800586010080857058e+00 7.782875901278218045e+00 9.346965731079743378e+00 5.348305371282477960e-01 7.691068938436973479e-01 8.943214240383807745e-01
4.207145506436283711e+00 3.438404054191387615e+00 1.226867129169541881e+00 3.967643573192976558e-01 2.952732411409732527e-01 8.400795017502146744e-02
5.603153575947802167e+00 2.576499553980512225e+00 4.769277856167686735e+00 4.819583297353495221e-01 2.436347522474827110e-01 4.008406179950368409e-01
9.515448187944713254e+00 7.550247633212856968e+00 2.893204097885025750e+00 9.064817526520052571e-01 6.762064233126040547e-01 2.841830834561012153e-01
3.404232817410654199e+00 5.074233573329736124e+00 1.049670536671640875e+01 3.200669268028047965e-01 4.416478346945199585e-01 9.843814905894904266e-01
3.030644485309551328e+00 3.372406996400486356e+00 8.729027851640106306e+00 2.841576628970381990e-01 3.141545677703216355e-01 7.907713871435657627e-01
6.331639789716496658e+00 8.169297904446247927e+00 6.717694226721016015e+00 5.495767830827819056e-01 8.005940187265989660e-01 6.430326221064434078e-01
2.052375533881280578e+00 3.286350621285060392e+00 7.008212431823139354e+00 1.776155348628139785e-01 2.713691209126562476e-01 6.714028511166545421e-01
